1

False,0
False,0
19,11
0,0,3,3,3,0,0,0,0,0,0,0,0,0,3,3,3,0,0
0,3,3,3,3,2,0,0,0,0,0,0,0,3,3,3,3,2,0
3,3,0,0,0,3,2,5,6,6,0,0,3,3,0,0,0,3,2
3,3,0,3,0,3,1,0,5,6,0,0,3,3,0,3,0,3,1
3,3,0,0,0,3,1,5,0,0,5,0,3,3,0,0,0,3,1
0,3,3,3,3,1,0,5,0,0,0,5,0,3,3,3,3,1,0
4,0,2,1,1,0,5,0,0,0,0,0,5,0,2,1,1,0,0
0,4,4,5,4,5,5,0,0,0,0,0,0,6,0,0,0,0,0
0,0,0,0,0,0,4,6,7,7,6,5,4,5,0,0,0,0,0
0,0,0,0,0,0,4,0,0,0,0,0,0,4,0,0,0,0,0
0,0,0,0,3,8,9,8,0,0,0,0,0,6,7,7,0,0,0
0.999079,0.9998975,1
0.8619609,0.8235295,0.8674511
0.6457517,0.6078432,0.6522877
0.3156407,0.292932,0.3124487
0.03578432,0.3053922,0.1235294
0.04675717,0.4648568,0.1707391
0.04201681,0.612325,0.2145658
0.04901961,0.8245099,0.3098039
0.6392157,0.3411765,0.1058824
0.8705883,0.4117647,0.04705883